{
  "height": 56,
  "width": 736,
  "x": 455.6000061035156,
  "y": 1957.2000732421875
}