{
  "height": 56,
  "width": 736,
  "x": 455.6000061035156,
  "y": 3065.199951171875
}