{
  "height": 51,
  "width": 190,
  "x": 1435.8375244140625,
  "y": 5338.60009765625
}