{
  "height": 16,
  "width": 144,
  "x": 834.2625122070312,
  "y": 9497.2001953125
}