{
  "height": 51,
  "width": 296,
  "x": 867.3875122070312,
  "y": 3163.199951171875
}