{
  "height": 105.6007080078125,
  "width": 158.5093994140625,
  "x": 830.5780029296875,
  "y": 4463.5108642578125
}