{
  "height": 32,
  "width": 411,
  "x": 455.6000061035156,
  "y": 2703.925048828125
}