{
  "height": 20,
  "width": 1120,
  "x": 455.6000061035156,
  "y": 9587.6005859375
}