{
  "height": 48,
  "width": 148,
  "x": 698.546875,
  "y": 4095.90625
}