{
  "height": 32,
  "width": 736,
  "x": 455.6000061035156,
  "y": 903.6000366210938
}