{
  "height": 52,
  "width": 720,
  "x": 655.6000366210938,
  "y": 3093.199951171875
}