{
  "height": 32,
  "width": 394,
  "x": 1297.925048828125,
  "y": 1550.4000244140625
}