{
  "height": 52,
  "width": 528,
  "x": 1047.5999755859375,
  "y": 4225.2001953125
}